// Input Parameters

x0 = 69.3422510611556;
x1 = 57.9229580973848;
x2 = 49.6506066758421;
